C:/WORKINGSPACE/OpenVSP/AERODB/Geometry/Airfoil/CleanWing_MBEXGJVFKZ_45.dat
1.0000000000000000 0.0072339997965504
1.0000000000000000 0.0073920611524954
1.0000000000000000 0.0075501225084405
1.0000000000000000 0.0077081838643855
1.0000000000000000 0.0078662452203306
1.0000000000000000 0.0080243065762756
1.0000000000000000 0.0081823679322206
1.0000000000000000 0.0083404292881657
1.0000000000000000 0.0084984906441107
1.0000000000000000 0.0086565520000558
1.0000000000000000 0.0088146133560012
1.0000000000000000 0.0089726747119462
1.0000000000000000 0.0091307360678913
1.0000000000000000 0.0092887974238363
1.0000000000000000 0.0094468587797813
1.0000000000000000 0.0096049201357264
1.0000000000000000 0.0097629814916714
1.0000000000000000 0.0099210428476165
1.0000000000000000 0.0100791042035615
1.0000000000000000 0.0102371655595066
1.0000000000000000 0.0103952269154516
0.9957157952840394 0.0121162493190666
0.9909559853500693 0.0139495202314368
0.9856672104870339 0.0158828085299146
0.9798037164441558 0.0179293173597463
0.9733210883773271 0.0201115889843577
0.9661716022798235 0.0224565374120335
0.9583041407980947 0.0249884687342120
0.9496691420705812 0.0277437880735462
0.9402157290871394 0.0307605582268572
0.9298899364786835 0.0340696478396236
0.9186354296009183 0.0376941197173891
0.9063936811694174 0.0416463712946690
0.8931030890321892 0.0459213055543173
0.8787057124237814 0.0505121175717605
0.8631548519625688 0.0554285269437430
0.8464051294555103 0.0606593329663525
0.8284166421166105 0.0661785174423809
0.8091623608748277 0.0719613942754287
0.7886297467569805 0.0779831569869331
0.7668208635543787 0.0842123178231022
0.7437516935409700 0.0906014197852593
0.7194366477619908 0.0970206909821930
0.6938970612405010 0.1032700637756582
0.6671835833290396 0.1091461436994456
0.6393818667673936 0.1144627208826503
0.6106133244434317 0.1190631666250153
0.5810338470318075 0.1228457879269180
0.5508267474843469 0.1257807622625792
0.5201907753894822 0.1278996874570897
0.4893325936980258 0.1293303181892075
0.4584521313615048 0.1301529315900531
0.4277435841770450 0.1303966885272260
0.3973955785403197 0.1300613349578202
0.3675881531325462 0.1291610026853819
0.3384889642139716 0.1277228571582776
0.3102496732227054 0.1257808855264211
0.2830026630508805 0.1233811734727544
0.2568589736038702 0.1205817816890461
0.2319088100150117 0.1174336264984221
0.2082244982731418 0.1139624255885517
0.1858598608030892 0.1101890341685834
0.1648479842759504 0.1061472452071391
0.1452032025959887 0.1018763660343520
0.1269262118507138 0.0974068547419637
0.1100057836217359 0.0927600711507946
0.0944340831390669 0.0879128507199381
0.0802068762161057 0.0828226755691295
0.0673082368796458 0.0774840137994894
0.0557089314229539 0.0719250204967197
0.0453599008675589 0.0662091774263299
0.0362006706902611 0.0604083908678886
0.0281766007339113 0.0545725958500470
0.0212526634178786 0.0487260063810892
0.0153931918739973 0.0428995003678572
0.0105462173433836 0.0371459940624760
0.0066472618160670 0.0315281945447565
0.0036317513350050 0.0261007688028098
0.0014859695728828 0.0208978231964313
0.0002781234566790 0.0159478889096703
-0.0000390999994124 0.0113469464704394
-0.0000390999994124 0.0113469464704394
0.0003572002172960 0.0069271408885545
0.0024944620860880 0.0025360234177474
0.0064119124190842 -0.0011897574229644
0.0116142463345045 -0.0041343326107514
0.0177488886392800 -0.0065409216600247
0.0246903867797987 -0.0086294029685729
0.0324277555752327 -0.0105077621547466
0.0409940122656707 -0.0122026050405359
0.0504359983543720 -0.0136993516337516
0.0608032596022375 -0.0149815975147035
0.0721418456428704 -0.0160749055440141
0.0844987434935991 -0.0170258559277433
0.0979227785315140 -0.0178705471131637
0.1124618248958676 -0.0186308551257118
0.1281602029663748 -0.0193082873959322
0.1450554094078449 -0.0199059880016949
0.1631751680038216 -0.0204532227829787
0.1825369130160840 -0.0209745785840279
0.2031459804432702 -0.0214658999980352
0.2249937436639370 -0.0218754272045181
0.2480545658660595 -0.0221195293420743
0.2722830924867993 -0.0221317318071170
0.2976139181872262 -0.0219078281610943
0.3239628377027813 -0.0214761158959298
0.3512268040716020 -0.0208497609724147
0.3792844128521803 -0.0200309517774827
0.4079971533597512 -0.0190138227032458
0.4372111154480088 -0.0177726204577773
0.4667590488014071 -0.0162583829485338
0.4964626758753584 -0.0143969694857086
0.5261320179504236 -0.0120543292338519
0.5555738346734542 -0.0091334085672456
0.5846126472937212 -0.0057086855879675
0.6130970439945150 -0.0019549330849513
0.6408991110226451 0.0019111140782404
0.6679113375844031 0.0056605188297599
0.6940272042430142 0.0091839912431500
0.7191516253021095 0.0124189698656501
0.7432122303042416 0.0152660278265603
0.7661558957003415 0.0175986708099319
0.7879321101174851 0.0194101377538372
0.8085041610133008 0.0207349888626559
0.8278531817159265 0.0216056967965014
0.8459754130179213 0.0220550208893159
0.8628808852768802 0.0221195447021219
0.8785912443570646 0.0218380809561271
0.8931382277373190 0.0212505481744829
0.9065626483765460 0.0204144017865850
0.9189133573194948 0.0193878466782724
0.9302449919147824 0.0182218935931689
0.9406141153945391 0.0169534397166824
0.9500796851756574 0.0156116658327671
0.9587000985718367 0.0142172668511377
0.9665331876138239 0.0127855163630736
0.9736340132659326 0.0113268357774713
0.9800577327154456 0.0098558413775507
0.9858578115635317 0.0083850822138774
0.9910814181610976 0.0069209071844261
0.9957775473696386 0.0054751677131382
1.0000000000000000 0.0040727726776492
1.0000000000000000 0.0042308340335942
1.0000000000000000 0.0043888953895393
1.0000000000000000 0.0045469567454843
1.0000000000000000 0.0047050181014294
1.0000000000000000 0.0048630794573745
1.0000000000000000 0.0050211408133195
1.0000000000000000 0.0051792021692646
1.0000000000000000 0.0053372635252096
1.0000000000000000 0.0054953248811547
1.0000000000000000 0.0056533862370998
1.0000000000000000 0.0058114475930448
1.0000000000000000 0.0059695089489899
1.0000000000000000 0.0061275703049350
1.0000000000000000 0.0062856316608800
1.0000000000000000 0.0064436930168251
1.0000000000000000 0.0066017543727701
1.0000000000000000 0.0067598157287152
1.0000000000000000 0.0069178770846603
1.0000000000000000 0.0070759384406053
1.0000000000000000 0.0072339997965504
