C:/WORKINGSPACE/OpenVSP/AERODB/Geometry/Airfoil/CleanWing_MBEXGJVFKZ_35.dat
1.0000000000000000 0.0072339998200686
1.0000000000000000 0.0073863364290446
1.0000000000000000 0.0075386730380205
1.0000000000000000 0.0076910096469965
1.0000000000000000 0.0078433462559725
1.0000000000000000 0.0079956828649484
1.0000000000000000 0.0081480194739244
1.0000000000000000 0.0083003560829003
1.0000000000000000 0.0084526926918763
1.0000000000000000 0.0086050293008523
1.0000000000000000 0.0087573659098285
1.0000000000000000 0.0089097025188045
1.0000000000000000 0.0090620391277805
1.0000000000000000 0.0092143757367564
1.0000000000000000 0.0093667123457324
1.0000000000000000 0.0095190489547083
1.0000000000000000 0.0096713855636843
1.0000000000000000 0.0098237221726603
1.0000000000000000 0.0099760587816362
1.0000000000000000 0.0101283953906122
1.0000000000000000 0.0102807319995881
0.9957178798364674 0.0120073898821326
0.9909602497928124 0.0138468182876232
0.9856737257668747 0.0157868379418708
0.9798125157185480 0.0178405595415777
0.9733322244791721 0.0200305249992939
0.9661850943134459 0.0223835040983632
0.9583199923348298 0.0249237135933074
0.9496873477270596 0.0276874522302268
0.9402362450738130 0.0307126002162575
0.9299126803666896 0.0340298781636226
0.9186602558400463 0.0376621555842903
0.9064203590112877 0.0416215940089093
0.8931312850746838 0.0459028263941406
0.8787349571308043 0.0504986453091523
0.8631845406216914 0.0554183258933406
0.8464345344856079 0.0606502545448385
0.8284454623145587 0.0661697484202739
0.8091905742497246 0.0719530169797872
0.7886573069116778 0.0779751766620555
0.7668477277392798 0.0842047517801185
0.7437778321168608 0.0905943307153663
0.7194620475773662 0.0970142055871776
0.6939217078954710 0.1032643232152126
0.6672074440573931 0.1091412218837190
0.6394048990270009 0.1144586654300814
0.6106354772959973 0.1190599791712139
0.5810550652569431 0.1228434071460325
0.5508469822392372 0.1257790931496106
0.5202099875692292 0.1278985936592458
0.4893507587297219 0.1293296609196018
0.4584692394152431 0.1301526363439598
0.4277596345789844 0.1303967128641606
0.3974105777245022 0.1300616455709800
0.3676021152318544 0.1291615591572080
0.3385019096873846 0.1277236220910144
0.3102616271710584 0.1257818241258705
0.2830136572811455 0.1233822475441152
0.2568690442982259 0.1205829557290287
0.2319179962542526 0.1174348765801466
0.2082328402080450 0.1139637386996335
0.1858674004443978 0.1101903951445741
0.1648547667338375 0.1061486334646263
0.1452092719489931 0.1018777669423021
0.1269316125731224 0.0974082551270539
0.1100105586976105 0.0927614630747835
0.0944382681509233 0.0879142443727395
0.0802105051959379 0.0828240732596153
0.0673113491383630 0.0774854008011195
0.0557115662271875 0.0719263773410833
0.0453620976167539 0.0662104805437704
0.0362024767049708 0.0604096142144606
0.0281780499352979 0.0545737279229256
0.0212537881767299 0.0487270365341087
0.0153940320054406 0.0429004125542855
0.0105468126628669 0.0371467725862087
0.0066476556035850 0.0315288260755951
0.0036319818472234 0.0261012454543151
0.0014860747934084 0.0208981414842766
0.0002781471241668 0.0159480465240525
-0.0000390999994124 0.0113469464704394
-0.0000390999994124 0.0113469464704394
0.0003571802480583 0.0069272229345187
0.0024943559818489 0.0025361663397642
0.0064116844773697 -0.0011895935941745
0.0116138898748677 -0.0041341651623777
0.0177483959720827 -0.0065407554132930
0.0246897520745114 -0.0086292318297851
0.0324269654895083 -0.0105075893444448
0.0409930530421210 -0.0122024336302799
0.0504348537360450 -0.0136991898413639
0.0608019129726467 -0.0149814511520286
0.0721402803909408 -0.0160747719068378
0.0844969414841193 -0.0170257310773194
0.0979207200735931 -0.0178704294163586
0.1124594892012238 -0.0186307436652031
0.1281575681759254 -0.0193081841539783
0.1450524530235001 -0.0199058922475260
0.1631718670470647 -0.0204531294409330
0.1825332440438771 -0.0209744846615853
0.2031419196564580 -0.0214658117484851
0.2249892673774465 -0.0218753588536609
0.2480496510665862 -0.0221195013038429
0.2722777174564518 -0.0221317558408579
0.2976080624161786 -0.0219079034741438
0.3239564821336091 -0.0214762416285386
0.3512199315903505 -0.0208499403992880
0.3792770087170211 -0.0200311903780767
0.4079892056153507 -0.0190141306363321
0.4372026155431797 -0.0177730161324265
0.4667499921213664 -0.0162588940118757
0.4964530628502151 -0.0143976402607398
0.5261218562613930 -0.0120552324370805
0.5555631345708336 -0.0091345757415978
0.5846014164439685 -0.0057100963950644
0.6130852880635643 -0.0019565374413939
0.6408868323915869 0.0019093975165641
0.6678985417516199 0.0056587607761138
0.6940139034159331 0.0091822323516585
0.7191378340925286 0.0124172518850825
0.7431979593547456 0.0152644484022205
0.7661411624063034 0.0175973077021240
0.7879169401270621 0.0194090177206556
0.8084885814498396 0.0207341350491802
0.8278372205177225 0.0216051284105470
0.8459590980828630 0.0220547659565338
0.8628642338969950 0.0221204951403130
0.8785743786637715 0.0218427409587660
0.8931213169134979 0.0212609004129411
0.9065459317556386 0.0204319127054623
0.9188970893761059 0.0194135412555633
0.9302294162571060 0.0182564263514271
0.9405994712099190 0.0169971718420609
0.9500661786724954 0.0156646944101085
0.9586879190420947 0.0142795069679646
0.9665224923013376 0.0128567064446741
0.9736249443337925 0.0114066012832485
0.9800503945688668 0.0099437041003753
0.9858522702859832 0.0084804895232748
0.9910777297848989 0.0070232821505401
0.9957757189599443 0.0055838845394097
1.0000000000000000 0.0041872676405491
1.0000000000000000 0.0043396042495251
1.0000000000000000 0.0044919408585011
1.0000000000000000 0.0046442774674770
1.0000000000000000 0.0047966140764530
1.0000000000000000 0.0049489506854290
1.0000000000000000 0.0051012872944050
1.0000000000000000 0.0052536239033810
1.0000000000000000 0.0054059605123569
1.0000000000000000 0.0055582971213329
1.0000000000000000 0.0057106337303089
1.0000000000000000 0.0058629703392849
1.0000000000000000 0.0060153069482608
1.0000000000000000 0.0061676435572368
1.0000000000000000 0.0063199801662128
1.0000000000000000 0.0064723167751888
1.0000000000000000 0.0066246533841647
1.0000000000000000 0.0067769899931407
1.0000000000000000 0.0069293266021167
1.0000000000000000 0.0070816632110927
1.0000000000000000 0.0072339998200686
