C:/WORKINGSPACE/OpenVSP/AERODB/Geometry/Airfoil/CleanWing_MBEXGJVFKZ_66.dat
1.0000000000000000 0.0072339997471621
1.0000000000000000 0.0074040830717422
1.0000000000000000 0.0075741663963223
1.0000000000000000 0.0077442497209024
1.0000000000000000 0.0079143330454826
1.0000000000000000 0.0080844163700627
1.0000000000000000 0.0082544996946428
1.0000000000000000 0.0084245830192229
1.0000000000000000 0.0085946663438031
1.0000000000000000 0.0087647496683832
1.0000000000000000 0.0089348329929637
1.0000000000000000 0.0091049163175438
1.0000000000000000 0.0092749996421239
1.0000000000000000 0.0094450829667041
1.0000000000000000 0.0096151662912842
1.0000000000000000 0.0097852496158643
1.0000000000000000 0.0099553329404444
1.0000000000000000 0.0101254162650245
1.0000000000000000 0.0102954995896047
1.0000000000000000 0.0104655829141848
1.0000000000000000 0.0106356662387649
0.9957114177239414 0.0123448541366280
0.9909470300203094 0.0141651943134454
0.9856535283993677 0.0160843467648066
0.9797852379679325 0.0181157087779005
0.9732977025634527 0.0202818233529915
0.9661432690092164 0.0226099073707412
0.9582708525709517 0.0251244545301117
0.9496309101919762 0.0278620933445168
0.9401726455151248 0.0308612700491166
0.9298421743138707 0.0341531641592259
0.9185832944987491 0.0377612443968967
0.9063376577014897 0.0416984035947643
0.8930438773429501 0.0459601117906885
0.8786442985390331 0.0505404093232376
0.8630925057784110 0.0554499491495880
0.8463433788923055 0.0606783976515318
0.8283561197009195 0.0661969323888054
0.8091031127875443 0.0719789865962758
0.7885718704321165 0.0779999156691759
0.7667644487660868 0.0842282065133679
0.7436968025315995 0.0906163068320346
0.7193833081497024 0.0970343103117253
0.6938453032650642 0.1032821189525937
0.6671334757994976 0.1091564795124714
0.6393334990222179 0.1144712373330450
0.6105668034530438 0.1190698602779982
0.5809892887590224 0.1228507875667773
0.5507842544990771 0.1257842673998133
0.5201504298120136 0.1279019844325620
0.4892944471314640 0.1293316984553793
0.4584162044486544 0.1301535516068493
0.4277098783329724 0.1303966374196634
0.3973640802535365 0.1300606826701846
0.3675588327239994 0.1291598340945472
0.3384617787198040 0.1277212507995303
0.3102245699311640 0.1257789144675775
0.2829795751673237 0.1233789179228968
0.2568378251457230 0.1205793162050826
0.2318895189126060 0.1174310013268007
0.2082069802098450 0.1139596680552801
0.1858440275563411 0.1101861761190029
0.1648337411143875 0.1061443298664161
0.1451904569546795 0.1018734241276569
0.1269148703336557 0.0974039139332743
0.1099957559623993 0.0927571481104177
0.0944252946141685 0.0879099240490551
0.0801992553584581 0.0828197404191092
0.0673017011363396 0.0774811010960664
0.0557033983340634 0.0719221711235560
0.0453552876942496 0.0662064408797049
0.0361968780593707 0.0604058218400876
0.0281735574109995 0.0545702184970019
0.0212503014242910 0.0487238430597482
0.0153914275979662 0.0428975847763579
0.0105449671724689 0.0371443591626373
0.0066464348622793 0.0315268683299955
0.0036312672593463 0.0260997678346487
0.0014857486097790 0.0208971547919562
0.0002780737549548 0.0159475579194677
-0.0000390999994124 0.0113469464704394
-0.0000390999994124 0.0113469464704394
0.0003572421526953 0.0069269685920298
0.0024946849049903 0.0025357232815123
0.0064123910966848 -0.0011901014634234
0.0116149948997418 -0.0041346842523363
0.0177499232403943 -0.0065412707781613
0.0246917196609021 -0.0086297623600272
0.0324294147552541 -0.0105081250563803
0.0409960266351251 -0.0122029650020735
0.0504384020528589 -0.0136996913977657
0.0608060875243784 -0.0149819048763207
0.0721451326719224 -0.0160751861820842
0.0845025277135069 -0.0170261181136332
0.0979271012931479 -0.0178707942764544
0.1124667298546196 -0.0186310891927801
0.1281657360263188 -0.0193085042040352
0.1450616178149689 -0.0199061890854495
0.1631821000130113 -0.0204534188012748
0.1825446178577185 -0.0209747758211575
0.2031545080955759 -0.0214660853220902
0.2250031438655669 -0.0218755707413181
0.2480648869449537 -0.0221195882223603
0.2722943800505290 -0.0221316813362612
0.2976262153064261 -0.0219076700036902
0.3239761843980430 -0.0214758518574513
0.3512412362822299 -0.0208493841759809
0.3792999615360148 -0.0200304507162353
0.4080138436229921 -0.0190131760437647
0.4372289652481500 -0.0177717895410138
0.4667780678294927 -0.0162573097155157
0.4964828632281597 -0.0143955608581430
0.5261533574973885 -0.0120524325070719
0.5555963048889576 -0.0091309575011062
0.5846362320782023 -0.0057057228930641
0.6131217314495111 -0.0019515639364220
0.6409248961478674 0.0019147188577605
0.6679382088332481 0.0056642107424165
0.6940551359798844 0.0091876849152821
0.7191805868422300 0.0124225776248420
0.7432421992981831 0.0152693446176737
0.7661868356178220 0.0176015333363286
0.7879639670973735 0.0194124898235184
0.8085368780965694 0.0207367818709548
0.8278867002321550 0.0216068904070055
0.8460096743815441 0.0220555562481582
0.8629158531746397 0.0221175487819204
0.8786266623129801 0.0218282949505853
0.8931737404673434 0.0212288084737207
0.9065977532804517 0.0203776288569427
0.9189475200006114 0.0193338880659616
0.9302777007959023 0.0181493748008266
0.9406448681822412 0.0168616022533878
0.9501080488322977 0.0155003058203502
0.9587256755842949 0.0140865626058011
0.9665556477700450 0.0126360171917127
0.9736530580234259 0.0111593282153392
0.9800731428232615 0.0096713296596191
0.9858694482463832 0.0081847268641429
0.9910891637511146 0.0067059197555867
0.9957813870299967 0.0052468623779681
1.0000000000000000 0.0038323332555592
1.0000000000000000 0.0040024165801393
1.0000000000000000 0.0041724999047195
1.0000000000000000 0.0043425832292996
1.0000000000000000 0.0045126665538798
1.0000000000000000 0.0046827498784599
1.0000000000000000 0.0048528332030401
1.0000000000000000 0.0050229165276202
1.0000000000000000 0.0051929998522003
1.0000000000000000 0.0053630831767805
1.0000000000000000 0.0055331665013606
1.0000000000000000 0.0057032498259408
1.0000000000000000 0.0058733331505209
1.0000000000000000 0.0060434164751011
1.0000000000000000 0.0062134997996812
1.0000000000000000 0.0063835831242613
1.0000000000000000 0.0065536664488415
1.0000000000000000 0.0067237497734216
1.0000000000000000 0.0068938330980018
1.0000000000000000 0.0070639164225819
1.0000000000000000 0.0072339997471621
