C:/WORKINGSPACE/OpenVSP/AERODB/Geometry/Airfoil/CleanWing_MBEXGJVFKZ_16.dat
1.0000000000000000 0.0072339998647533
1.0000000000000000 0.0073754594544880
1.0000000000000000 0.0075169190442227
1.0000000000000000 0.0076583786339574
1.0000000000000000 0.0077998382236921
1.0000000000000000 0.0079412978134268
1.0000000000000000 0.0080827574031615
1.0000000000000000 0.0082242169928962
1.0000000000000000 0.0083656765826309
1.0000000000000000 0.0085071361723656
1.0000000000000000 0.0086485957621006
1.0000000000000000 0.0087900553518353
1.0000000000000000 0.0089315149415700
1.0000000000000000 0.0090729745313047
1.0000000000000000 0.0092144341210393
1.0000000000000000 0.0093558937107740
1.0000000000000000 0.0094973533005087
1.0000000000000000 0.0096388128902434
1.0000000000000000 0.0097802724799781
1.0000000000000000 0.0099217320697128
1.0000000000000000 0.0100631916594475
0.9957218404860797 0.0118005569519580
0.9909683522340238 0.0136516845943774
0.9856861047985728 0.0156044938245876
0.9798292343398930 0.0176719196870572
0.9733533830726776 0.0198765034276728
0.9662107291773285 0.0222447408023896
0.9583501102546261 0.0248006788255886
0.9497219384743690 0.0275804141279201
0.9402752254484932 0.0306214799961181
0.9299558937539012 0.0339543157792206
0.9187074256943899 0.0376014237314025
0.9064710469108415 0.0415745171659660
0.8931848575554240 0.0458677159898047
0.8787905220741478 0.0504730480101967
0.8632409490740249 0.0553989438975761
0.8464904040427934 0.0606330055439619
0.8285002206906602 0.0661530872782708
0.8092441796620286 0.0719371001180685
0.7887096712056028 0.0779600140447882
0.7668987696905913 0.0841903762984496
0.7438274954110531 0.0905808614825696
0.7195103072265797 0.0970018833366483
0.6939685365399140 0.1032534161503662
0.6672527794412646 0.1091318704338386
0.6394486603202553 0.1144509600702005
0.6106775677158720 0.1190539230089912
0.5810953798847011 0.1228388836623503
0.5508854282735293 0.1257759218349703
0.5202464907107482 0.1278965154433422
0.4893852722899446 0.1293284121073511
0.4585017447173459 0.1301520753763823
0.4277901303426692 0.1303967591043363
0.3974390761744490 0.1300622357359838
0.3676286432205397 0.1291626164536775
0.3385265060868694 0.1277250754632143
0.3102843396729292 0.1257836074648243
0.2830345463186492 0.1233842882797006
0.2568881786175020 0.1205851864049957
0.2319354501088102 0.1174372517354231
0.2082486898843612 0.1139662336106887
0.1858817257628841 0.1101929809989564
0.1648676534038231 0.1061512711538519
0.1452208037197015 0.1018804286674072
0.1269418739456988 0.0974109158587252
0.1100196313417723 0.0927641077303626
0.0944462196734504 0.0879168923130623
0.0802174002576192 0.0828267288715385
0.0673172624299258 0.0774880361042166
0.0557165723552313 0.0719289553453742
0.0453662714402242 0.0662129564669073
0.0362059081329192 0.0604119385729472
0.0281808034179324 0.0545758788613949
0.0212559252185472 0.0487289938248457
0.0153956282551831 0.0429021457084993
0.0105479437698850 0.0371482517813009
0.0066484037998691 0.0315300259841884
0.0036324198204383 0.0261021510921751
0.0014862747124070 0.0208987462311827
0.0002781920923934 0.0159483459913786
-0.0000390999994124 0.0113469464704394
-0.0000390999994124 0.0113469464704394
0.0003571423065066 0.0069273788218506
0.0024941543837945 0.0025364378915960
0.0064112513881120 -0.0011892823194735
0.0116132126015577 -0.0041338470104676
0.0177474599044079 -0.0065404395445027
0.0246885461344654 -0.0086289066660884
0.0324254643266319 -0.0105072610048714
0.0409912305173765 -0.0122021079507934
0.0504326789612235 -0.0136988824358274
0.0607993543764240 -0.0149811730629462
0.0721373064122747 -0.0160745179962030
0.0844935176661075 -0.0170254938615142
0.0979168090035433 -0.0178702057924289
0.1124550513814005 -0.0186305318902366
0.1281525620740713 -0.0193079879942660
0.1450468358932451 -0.0199057103146051
0.1631655952292265 -0.0204529520910460
0.1825262729966841 -0.0209743062089442
0.2031342041615148 -0.0214656440743401
0.2249807624331147 -0.0218752289870323
0.2480403129475867 -0.0221194480312032
0.2722675048987915 -0.0221318015049656
0.2975969364511882 -0.0219080465689379
0.3239444065521819 -0.0214764805204953
0.3512068738759729 -0.0208502813103472
0.3792629408602187 -0.0200316437192053
0.4079741049009898 -0.0190147157091959
0.4371864657240045 -0.0177737679142601
0.4667327844292891 -0.0162598650322254
0.4964347981024425 -0.0143989147332992
0.5261025490522344 -0.0120569485232148
0.5555428043758545 -0.0091367933728668
0.5845800778294382 -0.0057127769285484
0.6130629517947583 -0.0019595857186347
0.6408635029925763 0.0019061360493792
0.6678742296693317 0.0056554204741864
0.6939886318444792 0.0091788904578247
0.7191116307943246 0.0124139877220041
0.7431708445507036 0.0152614474959751
0.7661131691476307 0.0175947177972889
0.7878881171452583 0.0194068896576108
0.8084589802792633 0.0207325128035764
0.8278068942411347 0.0216040484772337
0.8459280997062519 0.0220542815842478
0.8628325962752126 0.0221223009728763
0.8785423338465146 0.0218515949637800
0.8930891863482378 0.0212805696660117
0.9065141701759144 0.0204651834513292
0.9188661802836671 0.0194623609524160
0.9301998225075213 0.0183220385921177
0.9405716472591410 0.0170802628802799
0.9500405163164874 0.0157654487070571
0.9586647779355849 0.0143977631899358
0.9665021712076136 0.0129919675997149
0.9736077133627274 0.0115581557442252
0.9800364520903667 0.0101106432737420
0.9858417418586414 0.0086617634111299
0.9910707218701218 0.0072177945861567
0.9957722449815253 0.0057904465093255
1.0000000000000000 0.0044048080700591
1.0000000000000000 0.0045462676597938
1.0000000000000000 0.0046877272495285
1.0000000000000000 0.0048291868392632
1.0000000000000000 0.0049706464289979
1.0000000000000000 0.0051121060187326
1.0000000000000000 0.0052535656084673
1.0000000000000000 0.0053950251982021
1.0000000000000000 0.0055364847879368
1.0000000000000000 0.0056779443776715
1.0000000000000000 0.0058194039674062
1.0000000000000000 0.0059608635571409
1.0000000000000000 0.0061023231468756
1.0000000000000000 0.0062437827366103
1.0000000000000000 0.0063852423263450
1.0000000000000000 0.0065267019160797
1.0000000000000000 0.0066681615058145
1.0000000000000000 0.0068096210955492
1.0000000000000000 0.0069510806852839
1.0000000000000000 0.0070925402750186
1.0000000000000000 0.0072339998647533
