C:/WORKINGSPACE/OpenVSP/AERODB/Geometry/Airfoil/CleanWing_MBEXGJVFKZ_32.dat
1.0000000000000000 0.0072339998271241
1.0000000000000000 0.0073846190120093
1.0000000000000000 0.0075352381968946
1.0000000000000000 0.0076858573817798
1.0000000000000000 0.0078364765666650
1.0000000000000000 0.0079870957515503
1.0000000000000000 0.0081377149364355
1.0000000000000000 0.0082883341213207
1.0000000000000000 0.0084389533062060
1.0000000000000000 0.0085895724910912
1.0000000000000000 0.0087401916759768
1.0000000000000000 0.0088908108608620
1.0000000000000000 0.0090414300457472
1.0000000000000000 0.0091920492306325
1.0000000000000000 0.0093426684155177
1.0000000000000000 0.0094932876004029
1.0000000000000000 0.0096439067852882
1.0000000000000000 0.0097945259701734
1.0000000000000000 0.0099451451550586
1.0000000000000000 0.0100957643399439
1.0000000000000000 0.0102463835248291
0.9957185052021956 0.0119747320510524
0.9909615291256353 0.0138160077044792
0.9856756803508272 0.0157580467654577
0.9798151555008655 0.0178139321961271
0.9733355653097255 0.0200062058037748
0.9661891419235327 0.0223615941042621
0.9583247477958503 0.0249042870510360
0.9496928094240031 0.0276705514772310
0.9402423998698152 0.0306982128130776
0.9299195035330915 0.0340179472608223
0.9186677037117847 0.0376525663443606
0.9064283623638488 0.0416141608231814
0.8931397438874322 0.0458972826460875
0.8787437305429112 0.0504946036303698
0.8631934472194285 0.0554152655782199
0.8464433559946372 0.0606475310183843
0.8284541083739432 0.0661671177136419
0.8091990382621936 0.0719505037910948
0.7886655749580869 0.0779727825645923
0.7668557869947499 0.0842024819672234
0.7437856736896280 0.0905922039943984
0.7194696675219789 0.0970122599686730
0.6939291018919620 0.1032626010470790
0.6672146022758991 0.1091397453390011
0.6394118087048833 0.1144574487943108
0.6106421231517669 0.1190590229350734
0.5810614307244839 0.1228426929117669
0.5508530526657045 0.1257785924157201
0.5202157512231532 0.1278982655198925
0.4893562082392308 0.1293294637387201
0.4584743718313646 0.1301525477701317
0.4277644496995662 0.1303967201652410
0.3974150774797569 0.1300617387549280
0.3676063038616468 0.1291617260987558
0.3385057933294086 0.1277238515708354
0.3102652133555643 0.1257821057057053
0.2830169555502252 0.1233825697655234
0.2568720655065327 0.1205833079410235
0.2319207521260249 0.1174352516046639
0.2082353427885160 0.1139641326329580
0.1858696623367904 0.1101908034373713
0.1648568014712036 0.1061490499418724
0.1452110927548944 0.1018781872146871
0.1269332327898450 0.0974086752425809
0.1100119912203729 0.0927618806519802
0.0944395236544802 0.0879146624685800
0.0802115938898876 0.0828244925667611
0.0673122828159782 0.0774858169016085
0.0557123566684576 0.0719267843943924
0.0453627566415123 0.0662108714790025
0.0362030185093837 0.0604099812184321
0.0281784846957139 0.0545740675447891
0.0212541256043852 0.0487273455800145
0.0153942840448737 0.0429006862102140
0.0105469912587118 0.0371470061433285
0.0066477737398404 0.0315290155348467
0.0036320510008889 0.0261013884497667
0.0014861063595661 0.0208982369706302
0.0002781542244131 0.0159480938083671
-0.0000390999994124 0.0113469464704394
-0.0000390999994124 0.0113469464704394
0.0003571742572870 0.0069272475483079
0.0024943241505771 0.0025362092163692
0.0064116160948553 -0.0011895444455375
0.0116137829369766 -0.0041341149278656
0.0177482481719236 -0.0065407055392735
0.0246895616629252 -0.0086291804881488
0.0324267284637910 -0.0105075375013543
0.0409927652750561 -0.0122023822072030
0.0504345103505468 -0.0136991413036476
0.0608015089837694 -0.0149814072432261
0.0721398108153620 -0.0160747318156850
0.0844964008812753 -0.0170256936221923
0.0979201025362168 -0.0178703941073171
0.1124587884928306 -0.0186307102270505
0.1281567777387905 -0.0193081531813922
0.1450515661081967 -0.0199058635212753
0.1631708767600376 -0.0204531014383192
0.1825321433522151 -0.0209744564848525
0.2031407014204143 -0.0214657852736201
0.2249879244914994 -0.0218753383484038
0.2480481766267441 -0.0221194928923735
0.2722761049473475 -0.0221317630509802
0.2976063056848644 -0.0219079260680587
0.3239545754628575 -0.0214762793483212
0.3512178698459751 -0.0208499942273500
0.3792747874764734 -0.0200312619582549
0.4079868212920306 -0.0190142230162579
0.4372000655717310 -0.0177731348348213
0.4667472751173542 -0.0162590473308783
0.4964501789426720 -0.0143978414932492
0.5261188077546837 -0.0120555033980490
0.5555599245400474 -0.0091349258939034
0.5845980471890426 -0.0057105196371934
0.6130817612842793 -0.0019570187483267
0.6408831488022695 0.0019088825480612
0.6678947030017848 0.0056582333600200
0.6940099131678089 0.0091817046842111
0.7191336967296544 0.0124167364909122
0.7431936780698969 0.0152639745749186
0.7661367424180918 0.0175968987697816
0.7879123891299351 0.0194086817107012
0.8084839075808014 0.0207338789051375
0.8278324321582612 0.0216049578947607
0.8459542036023455 0.0220546894766991
0.8628592384830291 0.0221207802717704
0.8785693189557835 0.0218441389595577
0.8931162436663516 0.0212640060844786
0.9065409167693662 0.0204371659811255
0.9188922089930893 0.0194212496287506
0.9302247435598032 0.0182667861789045
0.9405950779545331 0.0170102914796744
0.9500621267215468 0.0156806029833109
0.9586842651831720 0.0142981790030127
0.9665192837075915 0.0128780634691542
0.9736222236541509 0.0114305309349816
0.9800481931248932 0.0099700629172227
0.9858506079027187 0.0085091117160940
0.9910766232720395 0.0070539946403743
0.9957751704370361 0.0056164995872911
1.0000000000000000 0.0042216161294191
1.0000000000000000 0.0043722353143044
1.0000000000000000 0.0045228544991896
1.0000000000000000 0.0046734736840749
1.0000000000000000 0.0048240928689601
1.0000000000000000 0.0049747120538454
1.0000000000000000 0.0051253312387306
1.0000000000000000 0.0052759504236159
1.0000000000000000 0.0054265696085011
1.0000000000000000 0.0055771887933864
1.0000000000000000 0.0057278079782716
1.0000000000000000 0.0058784271631569
1.0000000000000000 0.0060290463480421
1.0000000000000000 0.0061796655329274
1.0000000000000000 0.0063302847178126
1.0000000000000000 0.0064809039026979
1.0000000000000000 0.0066315230875831
1.0000000000000000 0.0067821422724684
1.0000000000000000 0.0069327614573536
1.0000000000000000 0.0070833806422389
1.0000000000000000 0.0072339998271241
