C:/WORKINGSPACE/OpenVSP/AERODB/Geometry/Airfoil/CleanWing_MBEXGJVFKZ_97.dat
1.0000000000000000 0.0072339996742555
1.0000000000000000 0.0074218297144398
1.0000000000000000 0.0076096597546241
1.0000000000000000 0.0077974897948084
1.0000000000000000 0.0079853198349927
1.0000000000000000 0.0081731498751769
1.0000000000000000 0.0083609799153612
1.0000000000000000 0.0085488099555455
1.0000000000000000 0.0087366399957298
1.0000000000000000 0.0089244700359141
1.0000000000000000 0.0091123000760988
1.0000000000000000 0.0093001301162831
1.0000000000000000 0.0094879601564674
1.0000000000000000 0.0096757901966517
1.0000000000000000 0.0098636202368360
1.0000000000000000 0.0100514502770203
1.0000000000000000 0.0102392803172046
1.0000000000000000 0.0104271103573888
1.0000000000000000 0.0106149403975731
1.0000000000000000 0.0108027704377574
1.0000000000000000 0.0109906004779417
0.9957049556114157 0.0126823183911233
0.9909338102478067 0.0144835703392675
0.9856333310318603 0.0163818555877424
0.9797579602173171 0.0183908580142233
0.9732631806477335 0.0205331217066891
0.9661014437049869 0.0228363106431192
0.9582217128070731 0.0253251954669160
0.9495744726568925 0.0280367344588067
0.9401090459564365 0.0310099398819757
0.9297716682610520 0.0342764501548291
0.9185063331574521 0.0378603332095031
0.9062549563916920 0.0417752131806192
0.8929564696112163 0.0460173971872365
0.8785536399472620 0.0505821733373230
0.8630004709351305 0.0554815724058354
0.8462522232990031 0.0607065407582251
0.8282667770872804 0.0662241163573369
0.8090156513253641 0.0720049562127642
0.7884864339525548 0.0780246546762963
0.7666811697928939 0.0842516612466171
0.7436157729463381 0.0906382829487029
0.7193045687220385 0.0970544150362731
0.6937688986346574 0.1032999146899748
0.6670595075416020 0.1091717371412237
0.6392620990174346 0.1144838092360087
0.6104981296100905 0.1190797413847825
0.5809235122611016 0.1228581679875220
0.5507215267589168 0.1257894416500160
0.5200908720547983 0.1279053752058782
0.4892381355332060 0.1293337359911567
0.4583631694820655 0.1301544668697388
0.4276601220869604 0.1303965619751662
0.3973175827825707 0.1300597197693891
0.3675155502161445 0.1291581090318864
0.3384216477522236 0.1277188795080462
0.3101875126912697 0.1257760048092845
0.2829454930535019 0.1233755883016785
0.2568066059932199 0.1205756766811365
0.2318610415709594 0.1174271260734548
0.2081811202116449 0.1139555974109267
0.1858206546682845 0.1101819570934318
0.1648127154949374 0.1061400262682059
0.1451716419603659 0.1018690813130117
0.1268981280941889 0.0973995727394947
0.1099809532271881 0.0927528331460518
0.0944123210774138 0.0879056037253707
0.0801880055209782 0.0828154075786030
0.0672920531343161 0.0774768013910132
0.0556952304409394 0.0719179649060287
0.0453484777717454 0.0662024012156395
0.0361912794137707 0.0604020294657146
0.0281690648867012 0.0545667090710782
0.0212468146718521 0.0487206495853877
0.0153888231904917 0.0428947569984302
0.0105431216820709 0.0371419457390660
0.0066452141209736 0.0315249105843960
0.0036305526714692 0.0260982902149823
0.0014854224261496 0.0208961680996357
0.0002780003857429 0.0159470693148830
-0.0000390999994124 0.0113469464704394
-0.0000390999994124 0.0113469464704394
0.0003573040573322 0.0069267142495409
0.0024950138281317 0.0025352802232604
0.0064130977159999 -0.0011906093326722
0.0116160999246160 -0.0041352033422949
0.0177514505087058 -0.0065417861430297
0.0246936872472929 -0.0086302928902694
0.0324318640209998 -0.0105086607683158
0.0409990002281293 -0.0122034963738672
0.0504419503696728 -0.0137001929541674
0.0608102620761101 -0.0149823586006129
0.0721499849529040 -0.0160756004573306
0.0845081139428946 -0.0170265051499471
0.0979334825127027 -0.0178711591365503
0.1124739705080153 -0.0186314347203571
0.1281739038767122 -0.0193088242540921
0.1450707826064376 -0.0199064859233731
0.1631923329789579 -0.0204537081616166
0.1825559916715597 -0.0209750669807297
0.2031670965346937 -0.0214663588956952
0.2250170203536873 -0.0218757826289753
0.2480801228233211 -0.0221196751408777
0.2723110426446063 -0.0221316068316645
0.2976443681966735 -0.0219074365332367
0.3239958866624769 -0.0214754620863641
0.3512625409741091 -0.0208488279526737
0.3793229143550081 -0.0200297110543939
0.4080384816306335 -0.0190122214511974
0.4372553149531203 -0.0177705629496012
0.4668061435376189 -0.0162557254191557
0.4965126636061043 -0.0143934814555461
0.5261848587333839 -0.0120496325770633
0.5556294752070815 -0.0091273392606146
0.5846710477124357 -0.0057013493910639
0.6131581748354576 -0.0019465904314501
0.6409629599041479 0.0019200401989569
0.6679778759148760 0.0056696607087193
0.6940963685438358 0.0091931374789058
0.7192233395919309 0.0124279033646016
0.7432864392416205 0.0152742408331269
0.7662325088293407 0.0176057589705332
0.7880109940676853 0.0194159619263811
0.8085851747432988 0.0207394286927293
0.8279361799465875 0.0216086524034640
0.8460602506802253 0.0220563465397827
0.8629674724522847 0.0221146024235277
0.8786789459621888 0.0218138489424046
0.8932261640211889 0.0211967165345003
0.9066495748052648 0.0203233450084230
0.9189979506251169 0.0192542348763599
0.9303259853346988 0.0180423232502261
0.9406902651545632 0.0167260326647147
0.9501499189921000 0.0153359172305919
0.9587634321264951 0.0138936182436377
0.9665888032387523 0.0124153279387513
0.9736811717130591 0.0109120551474299
0.9800958910776562 0.0093989552188629
0.9858866262067831 0.0078889642050109
0.9911005977173304 0.0063885573606333
0.9957870551000488 0.0049098402165265
1.0000000000000000 0.0034773988705693
1.0000000000000000 0.0036652289107536
1.0000000000000000 0.0038530589509379
1.0000000000000000 0.0040408889911222
1.0000000000000000 0.0042287190313065
1.0000000000000000 0.0044165490714908
1.0000000000000000 0.0046043791116752
1.0000000000000000 0.0047922091518595
1.0000000000000000 0.0049800391920438
1.0000000000000000 0.0051678692322281
1.0000000000000000 0.0053556992724124
1.0000000000000000 0.0055435293125967
1.0000000000000000 0.0057313593527810
1.0000000000000000 0.0059191893929653
1.0000000000000000 0.0061070194331496
1.0000000000000000 0.0062948494733339
1.0000000000000000 0.0064826795135183
1.0000000000000000 0.0066705095537026
1.0000000000000000 0.0068583395938869
1.0000000000000000 0.0070461696340712
1.0000000000000000 0.0072339996742555
