C:/WORKINGSPACE/OpenVSP/AERODB/Geometry/Airfoil/CleanWing_MBEXGJVFKZ_70.dat
1.0000000000000000 0.0072339997377548
1.0000000000000000 0.0074063729611225
1.0000000000000000 0.0075787461844903
1.0000000000000000 0.0077511194078580
1.0000000000000000 0.0079234926312258
1.0000000000000000 0.0080958658545936
1.0000000000000000 0.0082682390779613
1.0000000000000000 0.0084406123013291
1.0000000000000000 0.0086129855246968
1.0000000000000000 0.0087853587480646
1.0000000000000000 0.0089577319714327
1.0000000000000000 0.0091301051948005
1.0000000000000000 0.0093024784181682
1.0000000000000000 0.0094748516415360
1.0000000000000000 0.0096472248649038
1.0000000000000000 0.0098195980882715
1.0000000000000000 0.0099919713116393
1.0000000000000000 0.0101643445350070
1.0000000000000000 0.0103367177583748
1.0000000000000000 0.0105090909817426
1.0000000000000000 0.0106814642051103
0.9957105839029704 0.0123883979114016
0.9909453242432124 0.0142062750909708
0.9856509222874312 0.0161227350000242
0.9797817182581757 0.0181512119051679
0.9732932481227148 0.0203142489470170
0.9661378721957674 0.0226391206962093
0.9582645119562576 0.0251503565864735
0.9496236279293848 0.0278846276818445
0.9401644391204553 0.0308804532533565
0.9298330767586683 0.0341690720296263
0.9185733640030980 0.0377740300501362
0.9063269865647418 0.0417083145090681
0.8930325989259521 0.0459675034547592
0.8786326006562241 0.0505457982282809
0.8630806303147619 0.0554540295697489
0.8463316168802664 0.0606820290201374
0.8283445916217402 0.0662004399976482
0.8090918274375857 0.0719823375145323
0.7885608463702375 0.0780031077991269
0.7667537030921264 0.0842312329305613
0.7436863471012432 0.0906191424599918
0.7193731482235523 0.0970369044697315
0.6938354446030762 0.1032844151767719
0.6671239315081561 0.1091584482387620
0.6393242861183749 0.1144728595140726
0.6105579423120175 0.1190711352595188
0.5809808014689681 0.1228517398791314
0.5507761605971210 0.1257849350450008
0.5201427449401149 0.1279024219516996
0.4892871811187856 0.1293319613632215
0.4584093612271590 0.1301536697052866
0.4277034581721967 0.1303966276848895
0.3973580805798635 0.1300605584249206
0.3675532478842762 0.1291596115058168
0.3384566005304389 0.1277209448264356
0.3102197883518228 0.1257785390277977
0.2829751774752177 0.1233784882943525
0.2568337968679806 0.1205788465890895
0.2318858444169096 0.1174305012941109
0.2082036434358837 0.1139591428108474
0.1858410116998177 0.1101856317286067
0.1648310281312326 0.1061437745634212
0.1451880292134778 0.1018728637644769
0.1269127100446922 0.0974033537792383
0.1099938459320494 0.0927565913408221
0.0944236206094260 0.0879093665879345
0.0801978037665252 0.0828191813429148
0.0673004562328527 0.0774805462954143
0.0557023444123700 0.0719216283858106
0.0453544089945717 0.0662059196327287
0.0361961556534869 0.0604053325014588
0.0281729777304449 0.0545697656678504
0.0212498515207505 0.0487234309985404
0.0153910915453888 0.0428972199017865
0.0105447290446756 0.0371440477531443
0.0066462773472721 0.0315266157176601
0.0036311750544589 0.0260995771740466
0.0014857065215687 0.0208970274768181
0.0002780642879598 0.0159474948737149
-0.0000390999994124 0.0113469464704394
-0.0000390999994124 0.0113469464704394
0.0003572501403904 0.0069269357736442
0.0024947273466860 0.0025356661127056
0.0064124822733706 -0.0011901669949393
0.0116151374835966 -0.0041347512316858
0.0177501203072732 -0.0065413372768540
0.0246919735430171 -0.0086298308155424
0.0324297307895438 -0.0105081941805010
0.0409964103245450 -0.0122030335661759
0.0504388599001897 -0.0136997561147207
0.0608066261762147 -0.0149819634213907
0.0721457587726942 -0.0160752396369547
0.0845032485172989 -0.0170261680538028
0.0979279246763162 -0.0178708413551765
0.1124676641324771 -0.0186311337769836
0.1281667899424986 -0.0193085455008168
0.1450628003687068 -0.0199062273871171
0.1631834203957141 -0.0204534561380931
0.1825460854466012 -0.0209748133901345
0.2031561324103008 -0.0214661206219102
0.2250049343801631 -0.0218755980816610
0.2480668528647430 -0.0221195994376529
0.2722965300626680 -0.0221316717227649
0.2976285576148450 -0.0219076398784704
0.3239787266257118 -0.0214758015644078
0.3512439852747304 -0.0208493124052316
0.3793029231900784 -0.0200303552759977
0.4080170227207522 -0.0190130528705302
0.4372323652100817 -0.0177716312711542
0.4667816905015089 -0.0162571052901790
0.4964867084382171 -0.0143952925481305
0.5261574221730008 -0.0120520712257805
0.5556005849300059 -0.0091304906313653
0.5846407244181032 -0.0057051585702254
0.6131264338218912 -0.0019509221938450
0.6409298076002907 0.0019154054824310
0.6679433271663613 0.0056649139638750
0.6940604563107169 0.0091883884718787
0.7191861033260623 0.0124232648170691
0.7432479076779815 0.0152699763874096
0.7661927289354373 0.0176020785794518
0.7879700350935429 0.0194129378367910
0.8085431099219537 0.0207371233963450
0.8278930847114367 0.0216071177613873
0.8460162003555676 0.0220556582212711
0.8629225137265939 0.0221171686066439
0.8786334085902975 0.0218264309495297
0.8931805047968718 0.0212246675783374
0.9066044399288146 0.0203706244893917
0.9189540271779670 0.0193236102350452
0.9302839310589728 0.0181355616975233
0.9406507258560892 0.0168441094032364
0.9501134514335626 0.0154790943894136
0.9587305473961917 0.0140616665590704
0.9665599258950393 0.0126075411590725
0.9736566855962818 0.0111274220130283
0.9800760780818930 0.0096361845704893
0.9858716647574026 0.0081465639403839
0.9910906391015941 0.0066649697691411
0.9957821183938744 0.0052033756474595
1.0000000000000000 0.0037865352703992
1.0000000000000000 0.0039589084937670
1.0000000000000000 0.0041312817171348
1.0000000000000000 0.0043036549405025
1.0000000000000000 0.0044760281638703
1.0000000000000000 0.0046484013872381
1.0000000000000000 0.0048207746106059
1.0000000000000000 0.0049931478339737
1.0000000000000000 0.0051655210573414
1.0000000000000000 0.0053378942807092
1.0000000000000000 0.0055102675040770
1.0000000000000000 0.0056826407274448
1.0000000000000000 0.0058550139508125
1.0000000000000000 0.0060273871741803
1.0000000000000000 0.0061997603975481
1.0000000000000000 0.0063721336209159
1.0000000000000000 0.0065445068442837
1.0000000000000000 0.0067168800676514
1.0000000000000000 0.0068892532910192
1.0000000000000000 0.0070616265143870
1.0000000000000000 0.0072339997377548
