C:/WORKINGSPACE/OpenVSP/AERODB/Geometry/Airfoil/CleanWing_MBEXGJVFKZ_13.dat
1.0000000000000000 0.0072339998718088
1.0000000000000000 0.0073737420374527
1.0000000000000000 0.0075134842030967
1.0000000000000000 0.0076532263687407
1.0000000000000000 0.0077929685343847
1.0000000000000000 0.0079327107000286
1.0000000000000000 0.0080724528656726
1.0000000000000000 0.0082121950313166
1.0000000000000000 0.0083519371969605
1.0000000000000000 0.0084916793626045
1.0000000000000000 0.0086314215282488
1.0000000000000000 0.0087711636938928
1.0000000000000000 0.0089109058595367
1.0000000000000000 0.0090506480251807
1.0000000000000000 0.0091903901908247
1.0000000000000000 0.0093301323564686
1.0000000000000000 0.0094698745221126
1.0000000000000000 0.0096096166877566
1.0000000000000000 0.0097493588534005
1.0000000000000000 0.0098891010190445
1.0000000000000000 0.0100288431846885
0.9957224658518082 0.0117678991208778
0.9909696315668468 0.0136208740112333
0.9856880593825252 0.0155757026481744
0.9798318741222105 0.0176452923416067
0.9733567239032311 0.0198521842321537
0.9662147767874155 0.0222228308082885
0.9583548657156464 0.0247812522833172
0.9497274001713126 0.0275635133749243
0.9402813802444954 0.0306070925929382
0.9299627169203031 0.0339423848764203
0.9187148735661285 0.0375918344914728
0.9064790502634026 0.0415670839802381
0.8931933163681722 0.0458621722417517
0.8787992954862547 0.0504690063314143
0.8632498556717617 0.0553958835824554
0.8464992255518227 0.0606302820175077
0.8285088667500446 0.0661504565716387
0.8092526436744977 0.0719345869293760
0.7887179392520118 0.0779576199473250
0.7669068289460618 0.0841881064855545
0.7438353369838205 0.0905787347616017
0.7195179271711923 0.0969999377181437
0.6939759305364049 0.1032516939822326
0.6672599376597707 0.1091303938891206
0.6394555699981375 0.1144497434344298
0.6106842135716417 0.1190529667728508
0.5811017453522417 0.1228381694280847
0.5508914986999962 0.1257754211010797
0.5202522543646725 0.1278961873039891
0.4893907217994535 0.1293282149264695
0.4585068771334675 0.1301519868025543
0.4277949454632510 0.1303967664054168
0.3974435759297038 0.1300623289199317
0.3676328318503322 0.1291627833952254
0.3385303897288933 0.1277253049430354
0.3102879258574351 0.1257838890446591
0.2830378445877288 0.1233846105011089
0.2568911998258088 0.1205855386169904
0.2319382059805825 0.1174376267599404
0.2082511924648321 0.1139666275440133
0.1858839876552768 0.1101933892917536
0.1648696881411892 0.1061516876310980
0.1452226245256028 0.1018808489397923
0.1269434941624214 0.0974113359742523
0.1100210638645346 0.0927645253075593
0.0944474751770073 0.0879173104089027
0.0802184889515688 0.0828271481786842
0.0673181961075409 0.0774884522047056
0.0557173627965014 0.0719293623986833
0.0453669304649826 0.0662133474021394
0.0362064499373321 0.0604123055769188
0.0281812381783484 0.0545762184832585
0.0212562626462026 0.0487293028707516
0.0153958802946161 0.0429024193644278
0.0105481223657299 0.0371484853384207
0.0066485219361245 0.0315302154434399
0.0036324889741039 0.0261022940876267
0.0014863062785647 0.0208988417175363
0.0002781991926397 0.0159483932756933
-0.0000390999994124 0.0113469464704394
-0.0000390999994124 0.0113469464704394
0.0003571363157353 0.0069274034356398
0.0024941225525227 0.0025364807682010
0.0064111830055976 -0.0011892331708366
0.0116131056636666 -0.0041337967759555
0.0177473121042487 -0.0065403896704832
0.0246883557228792 -0.0086288553244520
0.0324252273009146 -0.0105072091617809
0.0409909427503116 -0.0122020565277166
0.0504323355757254 -0.0136988338981111
0.0607989503875468 -0.0149811291541438
0.0721368368366959 -0.0160744779050501
0.0844929770632635 -0.0170254564063871
0.0979161914661671 -0.0178701704833874
0.1124543506730074 -0.0186304984520839
0.1281517716369364 -0.0193079570216799
0.1450459489779417 -0.0199056815883544
0.1631646049421994 -0.0204529240884323
0.1825251723050221 -0.0209742780322114
0.2031329859254711 -0.0214656175994751
0.2249794195471676 -0.0218752084817752
0.2480388385077448 -0.0221194396197338
0.2722658923896873 -0.0221318087150879
0.2975951797198740 -0.0219080691628528
0.3239424998814303 -0.0214765182402779
0.3512048121315975 -0.0208503351384092
0.3792607196196710 -0.0200317152993836
0.4079717205776698 -0.0190148080891218
0.4371839157525558 -0.0177738866166549
0.4667300674252768 -0.0162600183512280
0.4964319141948995 -0.0143991159658086
0.5260995005455252 -0.0120572194841833
0.5555395943450683 -0.0091371435251725
0.5845767085745125 -0.0057132001706774
0.6130594250154734 -0.0019600670255675
0.6408598194032590 0.0019056210808763
0.6678703909194968 0.0056548930580925
0.6939846415963549 0.0091783627903772
0.7191074934314503 0.0124134723278338
0.7431665632658547 0.0152609736686731
0.7661087491594191 0.0175943088649466
0.7878835661481313 0.0194065536476563
0.8084543064102252 0.0207322566595337
0.8278021058816737 0.0216038779614474
0.8459232052257345 0.0220542051044132
0.8628276008612470 0.0221225861043337
0.8785372741385267 0.0218529929645717
0.8930841131010917 0.0212836753375491
0.9065091551896424 0.0204704367269923
0.9188612999006505 0.0194700693256033
0.9301951498102186 0.0183323984195951
0.9405672540037550 0.0170933825178934
0.9500364643655388 0.0157813572802595
0.9586611240766623 0.0144164352249838
0.9664989626138678 0.0130133246241950
0.9736049926830854 0.0115820853959583
0.9800342506463933 0.0101370020905894
0.9858400794753771 0.0086903856039491
0.9910696153572622 0.0072485070759909
0.9957716964586172 0.0058230615572069
1.0000000000000000 0.0044391565589291
1.0000000000000000 0.0045788987245731
1.0000000000000000 0.0047186408902170
1.0000000000000000 0.0048583830558610
1.0000000000000000 0.0049981252215050
1.0000000000000000 0.0051378673871490
1.0000000000000000 0.0052776095527930
1.0000000000000000 0.0054173517184370
1.0000000000000000 0.0055570938840809
1.0000000000000000 0.0056968360497249
1.0000000000000000 0.0058365782153689
1.0000000000000000 0.0059763203810129
1.0000000000000000 0.0061160625466569
1.0000000000000000 0.0062558047123009
1.0000000000000000 0.0063955468779449
1.0000000000000000 0.0065352890435888
1.0000000000000000 0.0066750312092328
1.0000000000000000 0.0068147733748768
1.0000000000000000 0.0069545155405208
1.0000000000000000 0.0070942577061648
1.0000000000000000 0.0072339998718088
