C:/WORKINGSPACE/OpenVSP/AERODB/Geometry/Airfoil/CleanWing_MBEXGJVFKZ_76.dat
1.0000000000000000 0.0072339997236438
1.0000000000000000 0.0074098077951930
1.0000000000000000 0.0075856158667422
1.0000000000000000 0.0077614239382914
1.0000000000000000 0.0079372320098407
1.0000000000000000 0.0081130400813899
1.0000000000000000 0.0082888481529391
1.0000000000000000 0.0084646562244883
1.0000000000000000 0.0086404642960375
1.0000000000000000 0.0088162723675867
1.0000000000000000 0.0089920804391363
1.0000000000000000 0.0091678885106855
1.0000000000000000 0.0093436965822347
1.0000000000000000 0.0095195046537839
1.0000000000000000 0.0096953127253331
1.0000000000000000 0.0098711207968824
1.0000000000000000 0.0100469288684316
1.0000000000000000 0.0102227369399808
1.0000000000000000 0.0103985450115300
1.0000000000000000 0.0105743530830792
1.0000000000000000 0.0107501611546284
0.9957093331715139 0.0124537135735619
0.9909427655775666 0.0142678962572590
0.9856470131195266 0.0161803173528504
0.9797764386935404 0.0182044665960691
0.9732865664616078 0.0203628873380553
0.9661297769755939 0.0226829406844115
0.9582550010342166 0.0251892096710163
0.9496127045354976 0.0279184291878361
0.9401521295284512 0.0309092280597164
0.9298194304258647 0.0341929338352269
0.9185584682596211 0.0377932085299956
0.9063109798596196 0.0417231808805239
0.8930156813004553 0.0459785909508653
0.8786150538320102 0.0505538815858458
0.8630628171192885 0.0554601501999904
0.8463139738622081 0.0606874760730458
0.8283272995029713 0.0662057014109124
0.8090748994126474 0.0719873638919172
0.7885443102774190 0.0780078959940534
0.7667375845811858 0.0842357725563515
0.7436706639557089 0.0906233959019276
0.7193579083343270 0.0970407957067407
0.6938206566100942 0.1032878595130392
0.6671096150711442 0.1091614013281979
0.6393104667626104 0.1144752927856140
0.6105446506004782 0.1190730477317996
0.5809680705338868 0.1228531683476627
0.5507640197441867 0.1257859365127819
0.5201312176322668 0.1279030782304059
0.4892762820997678 0.1293323557249849
0.4583990963949160 0.1301538468529427
0.4276938279310331 0.1303966130827288
0.3973490810693540 0.1300603720570248
0.3675448706246914 0.1291592776227211
0.3384488332463910 0.1277204858667935
0.3102126159828110 0.1257779758681281
0.2829685809370587 0.1233778438515361
0.2568277544513671 0.1205781421651000
0.2318803326733651 0.1174297512450762
0.2081986382749418 0.1139583549441984
0.1858364879150325 0.1101848151430123
0.1648269586565003 0.1061429416089289
0.1451843876016752 0.1018720232197069
0.1269094696112470 0.0974025135481842
0.1099909808865247 0.0927557561864287
0.0944211096023122 0.0879085303962537
0.0801956263786258 0.0828183427286233
0.0672985888776224 0.0774797140944363
0.0557007635298299 0.0719208142791924
0.0453530909450547 0.0662051377622645
0.0361950720446611 0.0604045984935157
0.0281721082096130 0.0545690864241233
0.0212491766654398 0.0487228129067287
0.0153905874665228 0.0428966725899296
0.0105443718529857 0.0371435806389046
0.0066460410747614 0.0315262367991570
0.0036310367471279 0.0260992911831434
0.0014856433892533 0.0208968365041109
0.0002780500874671 0.0159474003050855
-0.0000390999994124 0.0113469464704394
-0.0000390999994124 0.0113469464704394
0.0003572621219330 0.0069268865460657
0.0024947910092295 0.0025355803594956
0.0064126190383993 -0.0011902652922133
0.0116153513593787 -0.0041348517007100
0.0177504159075916 -0.0065414370248931
0.0246923543661895 -0.0086299334988150
0.0324302048409785 -0.0105082978666821
0.0409969858586748 -0.0122031364123296
0.0504395466711859 -0.0136998531901533
0.0608074341539693 -0.0149820512389956
0.0721466979238519 -0.0160753198192605
0.0845043297229868 -0.0170262429640571
0.0979291597510688 -0.0178709119732596
0.1124690655492634 -0.0186312006532888
0.1281683708167683 -0.0193086074459891
0.1450645741993137 -0.0199062848396184
0.1631854009697682 -0.0204535121433205
0.1825482868299254 -0.0209748697436001
0.2031585688823881 -0.0214661735716402
0.2250076201520574 -0.0218756390921753
0.2480698017444270 -0.0221196162605917
0.2722997550808766 -0.0221316573025203
0.2976320710774736 -0.0219075946906407
0.3239825399672152 -0.0214757261248425
0.3512481087634813 -0.0208492047491076
0.3793073656711738 -0.0200302121156413
0.4080217913673926 -0.0190128681106785
0.4372374651529791 -0.0177713938663646
0.4667871245095334 -0.0162567986521738
0.4964924762533031 -0.0143948900831117
0.5261635191864191 -0.0120515293038433
0.5556070049915782 -0.0091297903267540
0.5846474629279549 -0.0057043120859673
0.6131334873804615 -0.0019499595799795
0.6409371747789256 0.0019164354194368
0.6679510046660313 0.0056659687960626
0.6940684368069655 0.0091894438067736
0.7191943780518109 0.0124242956054096
0.7432564702476790 0.0152709240420134
0.7662015689118602 0.0176028964441365
0.7879791370877967 0.0194136098566999
0.8085524576600303 0.0207376356844304
0.8279026614303591 0.0216074587929599
0.8460259893166026 0.0220558111809403
0.8629325045545253 0.0221165983437292
0.8786435280062732 0.0218236349479464
0.8931906512911645 0.0212184562352625
0.9066144699013587 0.0203601179380654
0.9189637879440005 0.0193081934886707
0.9302932764535786 0.0181148420425684
0.9406595123668612 0.0168178701280093
0.9501215553354598 0.0154472772430088
0.9587378551140369 0.0140243224889742
0.9665663430825311 0.0125648271101122
0.9736621269555658 0.0110795627095620
0.9800804809698406 0.0095834669367945
0.9858749895239316 0.0080893195547454
0.9910928521273134 0.0066035447894727
0.9957832154396911 0.0051381455516966
1.0000000000000000 0.0037178382926592
1.0000000000000000 0.0038936463642085
1.0000000000000000 0.0040694544357577
1.0000000000000000 0.0042452625073069
1.0000000000000000 0.0044210705788561
1.0000000000000000 0.0045968786504054
1.0000000000000000 0.0047726867219546
1.0000000000000000 0.0049484947935038
1.0000000000000000 0.0051243028650531
1.0000000000000000 0.0053001109366023
1.0000000000000000 0.0054759190081515
1.0000000000000000 0.0056517270797008
1.0000000000000000 0.0058275351512500
1.0000000000000000 0.0060033432227992
1.0000000000000000 0.0061791512943484
1.0000000000000000 0.0063549593658977
1.0000000000000000 0.0065307674374469
1.0000000000000000 0.0067065755089961
1.0000000000000000 0.0068823835805454
1.0000000000000000 0.0070581916520946
1.0000000000000000 0.0072339997236438
