C:/WORKINGSPACE/OpenVSP/AERODB/Geometry/Airfoil/CleanWing_MBEXGJVFKZ_41.dat
1.0000000000000000 0.0072339998059577
1.0000000000000000 0.0073897712631151
1.0000000000000000 0.0075455427202725
1.0000000000000000 0.0077013141774299
1.0000000000000000 0.0078570856345873
1.0000000000000000 0.0080128570917447
1.0000000000000000 0.0081686285489021
1.0000000000000000 0.0083244000060595
1.0000000000000000 0.0084801714632170
1.0000000000000000 0.0086359429203744
1.0000000000000000 0.0087917143775321
1.0000000000000000 0.0089474858346895
1.0000000000000000 0.0091032572918469
1.0000000000000000 0.0092590287490044
1.0000000000000000 0.0094148002061618
1.0000000000000000 0.0095705716633192
1.0000000000000000 0.0097263431204766
1.0000000000000000 0.0098821145776340
1.0000000000000000 0.0100378860347914
1.0000000000000000 0.0101936574919488
1.0000000000000000 0.0103494289491062
0.9957166291050108 0.0120727055442930
0.9909576911271667 0.0139084394539114
0.9856698165989703 0.0158444202946971
0.9798072361539127 0.0178938142324789
0.9733255428180652 0.0200791633903322
0.9661769990932725 0.0224273240865654
0.9583104814127887 0.0249625666778501
0.9496764243331726 0.0277212537362184
0.9402239354818089 0.0307413750226174
0.9298990340338860 0.0340537399692232
0.9186453600965695 0.0376813340641496
0.9064043523061655 0.0416364603803651
0.8931143674491870 0.0459139138902466
0.8787174103065907 0.0505067286667172
0.8631667274262179 0.0554244465235820
0.8464168914675494 0.0606557015977469
0.8284281701957898 0.0661750098335381
0.8091736462247865 0.0719580433571721
0.7886407708188594 0.0779799648569821
0.7668316092283392 0.0842092914059087
0.7437621489713264 0.0905985841573021
0.7194468076881408 0.0970180968241868
0.6939069199024891 0.1032677675514800
0.6671931276203811 0.1091441749731550
0.6393910796712368 0.1144610987016228
0.6106221855844579 0.1190618916434947
0.5810423343218617 0.1228448356145638
0.5508348413863031 0.1257800946173918
0.5201984602613809 0.1278992499379521
0.4893398597107043 0.1293300552813652
0.4584589745830001 0.1301528134916158
0.4277500043378208 0.1303966982619998
0.3974015782139928 0.1300614592030842
0.3675937379722696 0.1291612252741124
0.3384941424033368 0.1277231631313723
0.3102544548020466 0.1257812609662009
0.2830070607429865 0.1233816031012987
0.2568630018816125 0.1205822513050391
0.2319124845107081 0.1174341265311119
0.2082278350471031 0.1139629508329844
0.1858628766596127 0.1101895785589797
0.1648506972591053 0.1061478005101340
0.1452056303371905 0.1018769263975321
0.1269283721396773 0.0974074148959998
0.1100076936520858 0.0927606279203902
0.0944357571438095 0.0879134081810587
0.0802083278080386 0.0828232346453238
0.0673094817831327 0.0774845686001414
0.0557099853446474 0.0719255632344651
0.0453607795672369 0.0662096986733061
0.0362013930961450 0.0604088802065174
0.0281771804144660 0.0545730486791984
0.0212531133214191 0.0487264184422970
0.0153935279265746 0.0428998652424286
0.0105464554711769 0.0371463054719691
0.0066474193310742 0.0315284471570920
0.0036318435398923 0.0261009594634119
0.0014860116610930 0.0208979505115694
0.0002781329236741 0.0159479519554232
-0.0000390999994124 0.0113469464704394
-0.0000390999994124 0.0113469464704394
0.0003571922296009 0.0069271737069402
0.0024944196443924 0.0025360805865541
0.0064118212423984 -0.0011896918914484
0.0116141037506498 -0.0041342656314019
0.0177486915724011 -0.0065408551613320
0.0246901328976838 -0.0086293345130578
0.0324274395409430 -0.0105076930306259
0.0409936285762508 -0.0122025364764335
0.0504355405070412 -0.0136992869167965
0.0608027209504012 -0.0149815389696335
0.0721412195420986 -0.0160748520891436
0.0844980226898072 -0.0170258059875737
0.0979219551483456 -0.0178705000344417
0.1124608906180101 -0.0186308105415083
0.1281591490501950 -0.0193082460991506
0.1450542268541070 -0.0199059497000273
0.1631738476211189 -0.0204531854461604
0.1825354454272013 -0.0209745410150509
0.2031443561285453 -0.0214658646982152
0.2249919531493408 -0.0218753998641752
0.2480525999462702 -0.0221195181267818
0.2722809424746603 -0.0221317414206134
0.2976115758788072 -0.0219078582863141
0.3239602954751124 -0.0214761661889733
0.3512240550791014 -0.0208498327431640
0.3792814511981167 -0.0200310472177203
0.4079939742619910 -0.0190139458764803
0.4372077154860773 -0.0177727787276370
0.4667554261293907 -0.0162585873738706
0.4964588306653011 -0.0143972377957211
0.5261279532748114 -0.0120546905151433
0.5555695546324061 -0.0091338754369865
0.5846081549538201 -0.0057092499108063
0.6130923416221348 -0.0019555748275284
0.6408941995702219 0.0019104274535699
0.6679062192512899 0.0056598156083014
0.6940218839121819 0.0091832876865534
0.7191461088182773 0.0124182826734231
0.7432065219244434 0.0152653960568244
0.7661500023827261 0.0175981255668088
0.7879260421213159 0.0194096897405646
0.8084979291879164 0.0207346473372656
0.8278467972366448 0.0216054694421196
0.8459688870438979 0.0220549189162030
0.8628742247249261 0.0221199248773983
0.8785844980797475 0.0218399449571826
0.8931314634077905 0.0212546890698662
0.9065559617281830 0.0204214061541359
0.9189068501421394 0.0193981245091888
0.9302387616517118 0.0182357066964721
0.9406082577206909 0.0169709325668338
0.9500742825743927 0.0156328772637036
0.9586952267599398 0.0142421628978685
0.9665289094888293 0.0128139923957138
0.9736303856930766 0.0113587419797822
0.9800547974568141 0.0098909864666806
0.9858555950525123 0.0084232451376364
0.9910799428106183 0.0069618571708717
0.9957768160057610 0.0055186544436468
1.0000000000000000 0.0041185706628091
1.0000000000000000 0.0042743421199666
1.0000000000000000 0.0044301135771240
1.0000000000000000 0.0045858850342814
1.0000000000000000 0.0047416564914388
1.0000000000000000 0.0048974279485963
1.0000000000000000 0.0050531994057537
1.0000000000000000 0.0052089708629111
1.0000000000000000 0.0053647423200686
1.0000000000000000 0.0055205137772260
1.0000000000000000 0.0056762852343834
1.0000000000000000 0.0058320566915408
1.0000000000000000 0.0059878281486983
1.0000000000000000 0.0061435996058557
1.0000000000000000 0.0062993710630131
1.0000000000000000 0.0064551425201705
1.0000000000000000 0.0066109139773280
1.0000000000000000 0.0067666854344854
1.0000000000000000 0.0069224568916428
1.0000000000000000 0.0070782283488003
1.0000000000000000 0.0072339998059577
