C:/WORKINGSPACE/OpenVSP/AERODB/Geometry/Airfoil/CleanWing_MBEXGJVFKZ_58.dat
1.0000000000000000 0.0072339997659767
1.0000000000000000 0.0073995032929815
1.0000000000000000 0.0075650068199864
1.0000000000000000 0.0077305103469912
1.0000000000000000 0.0078960138739961
1.0000000000000000 0.0080615174010009
1.0000000000000000 0.0082270209280058
1.0000000000000000 0.0083925244550106
1.0000000000000000 0.0085580279820155
1.0000000000000000 0.0087235315090204
1.0000000000000000 0.0088890350360256
1.0000000000000000 0.0090545385630304
1.0000000000000000 0.0092200420900353
1.0000000000000000 0.0093855456170402
1.0000000000000000 0.0095510491440450
1.0000000000000000 0.0097165526710499
1.0000000000000000 0.0098820561980547
1.0000000000000000 0.0100475597250596
1.0000000000000000 0.0102130632520644
1.0000000000000000 0.0103785667790693
1.0000000000000000 0.0105440703060741
0.9957130853658835 0.0122577665870808
0.9909504415745038 0.0140830327583945
0.9856587406232404 0.0160075702943716
0.9797922773874462 0.0180447025233656
0.9733066114449288 0.0202169721649405
0.9661540626361143 0.0225514807198049
0.9582835338003394 0.0250726504173880
0.9496454747171590 0.0278170246698613
0.9401890583044636 0.0308229036406369
0.9298603694242757 0.0341213484184250
0.9186031554900517 0.0377356730904176
0.9063589999749861 0.0416785817661565
0.8930664341769459 0.0459453284625471
0.8786676943046516 0.0505296315131511
0.8631162567057095 0.0554417883092661
0.8463669029163835 0.0606711349143206
0.8283791758592781 0.0661899171711199
0.8091256834874618 0.0719722847597626
0.7885939185558741 0.0779935314092739
0.7667859401140076 0.0842221536789809
0.7437177133923122 0.0906106355761202
0.7194036280020027 0.0970291219957130
0.6938650205890401 0.1032775265042373
0.6671525643821803 0.1091525420598901
0.6393519248299038 0.1144679929709899
0.6105845257350964 0.1190673103149571
0.5810062633391310 0.1228488829420690
0.5508004423029895 0.1257829321094384
0.5201657995558112 0.1279011093942868
0.4893089791568209 0.1293311726396948
0.4584298908916450 0.1301533154099746
0.4277227186545239 0.1303966568892110
0.3973760796008825 0.1300609311607124
0.3675700024034459 0.1291602792720081
0.3384721350985346 0.1277218627457198
0.3102341330898465 0.1257796653471370
0.2829883705515359 0.1233797771799854
0.2568458817012075 0.1205802554370687
0.2318968679039987 0.1174320013921803
0.2082136537577675 0.1139607185441455
0.1858500592693880 0.1101872648997955
0.1648391670806972 0.1061454404724058
0.1451953124370831 0.1018745448540170
0.1269191909115826 0.0974050342413465
0.1099995760230990 0.0927582616496089
0.0944286426236536 0.0879110389712962
0.0802021585423238 0.0828208585714979
0.0673041909433134 0.0774822106973704
0.0557055061774503 0.0719232565990469
0.0453570450936056 0.0662074833736573
0.0361983228711385 0.0604068005173451
0.0281747167721088 0.0545711241553048
0.0212512012313720 0.0487246671821638
0.0153920997031209 0.0428983145255005
0.0105454434280555 0.0371449819816235
0.0066467498922937 0.0315273735546664
0.0036314516691210 0.0261001491558530
0.0014858327861995 0.0208974094222324
0.0002780926889450 0.0159476840109735
-0.0000390999994124 0.0113469464704394
-0.0000390999994124 0.0113469464704394
0.0003572261773051 0.0069270342288011
0.0024946000215990 0.0025358376191257
0.0064122087433131 -0.0011899704003914
0.0116147097320324 -0.0041345502936373
0.0177495291066365 -0.0065411377807760
0.0246912118966723 -0.0086296254489970
0.0324287826866745 -0.0105079868081389
0.0409952592562853 -0.0122028278738687
0.0504374863581972 -0.0136995619638555
0.0608050102207057 -0.0149817877861808
0.0721438804703788 -0.0160750792723432
0.0845010861059230 -0.0170260182332942
0.0979254545268111 -0.0178707001190104
0.1124648612989045 -0.0186310000243731
0.1281636281939592 -0.0193084216104722
0.1450592527074931 -0.0199061124821144
0.1631794592476057 -0.0204533441276382
0.1825416826799530 -0.0209747006832034
0.2031512594661261 -0.0214660147224502
0.2249995628363746 -0.0218755160606324
0.2480609551053749 -0.0221195657917752
0.2722900800262510 -0.0221317005632539
0.2976215306895880 -0.0219077302541299
0.3239710999427052 -0.0214759524435383
0.3512357382972288 -0.0208495277174795
0.3792940382278873 -0.0200306415967105
0.4080074854274717 -0.0190134223902337
0.4372221653242868 -0.0177721060807332
0.4667708224854601 -0.0162577185661893
0.4964751728080449 -0.0143960974781680
0.5261452281461638 -0.0120531550696548
0.5555877448068610 -0.0091318912405879
0.5846272473983998 -0.0057068515387416
0.6131123267047507 -0.0019528474215760
0.6409150732430208 0.0019133456084195
0.6679279721670214 0.0056628042994997
0.6940444953182197 0.0091862778020889
0.7191695538745650 0.0124212032403880
0.7432307825385864 0.0152680810782019
0.7661750489825914 0.0176004428500823
0.7879518311050353 0.0194115937969732
0.8085244144458001 0.0207360988201742
0.8278739312735918 0.0216064356982420
0.8459966224334974 0.0220553523019326
0.8629025320707315 0.0221183091324733
0.8786131697583456 0.0218320229526965
0.8931602118082866 0.0212370902644872
0.9065843799837258 0.0203916375920445
0.9189345056459003 0.0193544437277943
0.9302652402697614 0.0181770010074332
0.9406331528345451 0.0168965879536905
0.9500972436297681 0.0155427286822233
0.9587159319605014 0.0141363546992627
0.9665470915200558 0.0126929692569930
0.9736458028777142 0.0112231406199609
0.9800672723059983 0.0097416198378788
0.9858650152243444 0.0082610527116608
0.9910862130501558 0.0067878197284779
0.9957799243022412 0.0053338358389853
1.0000000000000000 0.0039239292258792
1.0000000000000000 0.0040894327528841
1.0000000000000000 0.0042549362798889
1.0000000000000000 0.0044204398068938
1.0000000000000000 0.0045859433338987
1.0000000000000000 0.0047514468609036
1.0000000000000000 0.0049169503879084
1.0000000000000000 0.0050824539149133
1.0000000000000000 0.0052479574419182
1.0000000000000000 0.0054134609689230
1.0000000000000000 0.0055789644959279
1.0000000000000000 0.0057444680229328
1.0000000000000000 0.0059099715499377
1.0000000000000000 0.0060754750769425
1.0000000000000000 0.0062409786039474
1.0000000000000000 0.0064064821309523
1.0000000000000000 0.0065719856579572
1.0000000000000000 0.0067374891849620
1.0000000000000000 0.0069029927119669
1.0000000000000000 0.0070684962389718
1.0000000000000000 0.0072339997659767
